A 2.364336291362326 -0.44883814605376876 0.6454881665192085
A 0.9659818332878829 -0.11585200546928814 0.396333030766464
B 0.6995064705924114 1.2908952510271319 0.18538401937642307
A 0.04246811915205344 1.4998554610066457 -1.1420644099608024
A 0.01183063770153904 0.1415877179059355 -1.8120906254403912
B 0.225822553703802 -0.8405517187692366 -0.6339943358848682
A 0.7393768400286543 -2.2177682624583763 -1.0084161842167025
B -1.4899168025857878 -1.0791516443976985 0.1355454892332844
A -1.3796931966990311 -1.902953909506316 1.341685374377454
A -2.445993481509025 -1.4398371813139113 -0.924699961414389
B -1.8149784097102608 0.7513947979694862 0.6194486611697254
A -2.7889984801225802 1.0158076198931865 1.2520156114750844
A -0.7793565492338431 1.693219551744088 0.14668003395837725
B 2.451610321498171 -1.5007761920214786 0.9124781829805815
B 2.710517100059288 0.12851209786678194 1.5042709277372244
B 3.0358578419514 -0.24173699597430698 -0.2022895057665115
B 1.3930511745224012 1.9831317790494316 0.644570420300723
B 0.1995755109605353 2.3903186948090327 -1.738393524191237
B 0.8531631907495796 0.06674356200214872 -2.510216905404307
B -0.9018291888967229 -0.07790802143970282 -2.364367829210351
B 0.053796644179489726 -2.6796835309656135 -1.7208411108578392
B 0.8071186991626855 -2.8683383955258837 -0.13583500519676447
B 1.7227493457088723 -2.1491580567187616 -1.479254435503016
B -1.006504099828904 2.7207843495398523 0.4110083546374142
