9.884036054737765919e-01 2.196711991985962342e+00 4.952783195112617776e-01
2.119774511644035575e-01 -1.743760629272876672e+00 -1.062972164126027019e+00
-2.350707047969041064e+00 -1.536674591390662981e+00 3.585094020710175577e-01
-2.658879304161232415e+00 1.127048717913367470e+00 1.002483141048033932e+00
3.225284489407586275e+00 -1.968426882012121792e+00 1.339948783210525907e+00
3.513131300052694694e+00 2.226449200077024182e-01 2.093295084936849904e+00
4.034689281716396181e+00 -2.702994036531972122e-01 -1.633030490851065664e-01
1.834964889189354409e+00 2.802463676041128782e+00 1.009820350295571156e+00
1.870402441044882180e-01 3.263089851350736481e+00 -2.226362145512019275e+00
1.121984210348435651e+00 1.662758172482863284e-01 -3.468250615451844432e+00
-1.386385937970995519e+00 -4.224029921474562604e-02 -3.238400191607679890e+00
-9.300036129079349012e-03 -3.550569833924792640e+00 -2.208258648757463138e+00
1.013083292189386864e+00 -3.844841899132056096e+00 -7.243552677449741073e-02
2.264708187914277193e+00 -2.873757339731893623e+00 -1.904973230498295367e+00
-1.392321487271840796e+00 3.615670572462799548e+00 6.353375581963980334e-01
